Coords_ab
[[[251, 49], [262, 43], [340, 181], [329, 188]], [[82, 137], [83, 121], [241, 128], [240, 144]], [[122, 40], [137, 39], [155, 199], [141, 201]]]
inclinacoes
[60.7, 2.54, 83.27]
Coords yolo
[[[251, 351], [262, 357], [340, 219], [329, 212]], [[82, 263], [83, 279], [241, 272], [240, 256]], [[122, 360], [137, 361], [155, 201], [141, 199]]]
Tempo de Compilacao: 41.96024 milisegundos
Retas_ab
[[(251, 49, 262, 43), (262, 43, 340, 181), (329, 188, 340, 181), (251, 49, 329, 188)], [(82, 137, 83, 121), (83, 121, 241, 128), (240, 144, 241, 128), (82, 137, 240, 144)], [(122, 40, 137, 39), (137, 39, 155, 199), (141, 201, 155, 199), (122, 40, 141, 201)]]
Retangulos Sobrepostos: 
[[251, 49], [262, 43], [340, 181], [329, 188]]
[[82, 137], [83, 121], [241, 128], [240, 144]]
[[122, 40], [137, 39], [155, 199], [141, 201]]